1 1 1.0 1 1 1.0
1 2 2.0 1 4 4.0
1 3 3.0 1 9 9.0
1 4 4.0 1 16 16.0
1 5 5.0 1 25 25.0
1 6 6.0 1 36 36.0
1 7 7.0 1 49 49.0
1 8 8.0 1 64 64.0
1 9 9.0 1 81 81.0
1 10 10.0 1 100 100.0
1 11 11.0 1 121 121.0
1 12 12.0 1 144 144.0
1 13 13.0 1 169 169.0
1 14 14.0 1 196 196.0
1 15 15.0 1 225 225.0
1 16 16.0 1 256 256.0
1 17 17.0 1 289 289.0
1 18 18.0 1 324 324.0
1 19 19.0 1 361 361.0
1 20 20.0 1 400 400.0
1 21 21.0 1 441 441.0
1 22 22.0 1 484 484.0
1 23 23.0 1 529 529.0
1 24 24.0 1 576 576.0
1 25 25.0 1 625 625.0
1 26 26.0 1 676 676.0
1 27 27.0 1 729 729.0
1 28 28.0 1 784 784.0
1 29 29.0 1 841 841.0
1 30 30.0 1 900 900.0
1 31 31.0 1 961 961.0
1 32 32.0 1 1024 1024.0
1 33 33.0 1 1089 1089.0
1 34 34.0 1 1156 1156.0
1 35 35.0 1 1225 1225.0
1 36 36.0 1 1296 1296.0
1 37 37.0 1 1369 1369.0
1 38 38.0 1 1444 1444.0
1 39 39.0 1 1521 1521.0
1 40 40.0 1 1600 1600.0
1 41 41.0 1 1681 1681.0
1 42 42.0 1 1764 1764.0
1 43 43.0 1 1849 1849.0
1 44 44.0 1 1936 1936.0
1 45 45.0 1 2025 2025.0
1 46 46.0 1 2116 2116.0
1 47 47.0 1 2209 2209.0
1 48 48.0 1 2304 2304.0
1 49 49.0 1 2401 2401.0
4 7 8.0 16 49 64.0
5 5 7.0 25 25 49.0
6 17 18.0 36 289 324.0
7 11 13.0 49 121 169.0
8 9 12.0 64 81 144.0
8 31 32.0 64 961 1024.0
9 19 21.0 81 361 441.0
10 15 18.0 100 225 324.0
11 13 17.0 121 169 289.0
11 29 31.0 121 841 961.0
13 19 23.0 169 361 529.0
13 41 43.0 169 1681 1849.0
14 17 22.0 196 289 484.0
14 31 34.0 196 961 1156.0
15 26 30.0 225 676 900.0
16 23 28.0 256 529 784.0
17 21 27.0 289 441 729.0
17 34 38.0 289 1156 1444.0
19 27 33.0 361 729 1089.0
20 25 32.0 400 625 1024.0
22 31 38.0 484 961 1444.0
23 29 37.0 529 841 1369.0
29 29 41.0 841 841 1681.0
72
